sustainability feasible innovative novelty 
[17.26928596291691, 16.717222895473242, 18.31086851703003, 0.07024739012470312]
[7.239668753929436, 8.449592733755708, 7.686627261340618, 0.09612593834378547]
[10.473331484943628, 10.10151132568717, 11.051103491336107, 0.07807493696428752]
[11.586446642875671, 13.807449903339148, 12.70332416985184, 0.11661836687320222]
[18.533558825030923, 17.822238284163177, 24.215911604464054, 0.1046656477398106]
[16.364595328457654, 16.03481045179069, 18.449592140503228, 0.0867107899338007]
[8.423185424879193, 10.056396011263132, 9.891565517522395, 0.06693152551738064]
[16.34933449793607, 17.50196463475004, 19.40807800553739, 0.07974077998037178]
[2.0061113834381104, 2.2840620931237936, 2.3319874219596386, 0.10605301521718502]
[20.787520851939917, 17.360584024339914, 24.857223065569997, 0.11231003496927995]
[17.316293550655246, 15.18038687389344, 18.526754234917462, 0.11000879456097369]
